0.319544
0.284024
0.247665
0.210575
0.172863
0.134642
0.0960239
0.0571231
0.0180541
-0.021068
-0.0601282
-0.0990119
-0.137605
-0.175795
-0.213471
-0.250522
-0.286842
-0.322324
-0.356867
-0.390371
-0.422738
-0.453878
-0.4837
-0.512119
-0.539056
-0.564432
-0.588177
-0.610225
-0.630512
-0.648983
-0.665586
-0.680275
-0.693011
-0.703758
-0.712487
-0.719175
-0.723805
-0.726365
-0.726849
-0.725258
-0.721598
-0.71588
-0.708121
-0.698345
-0.686582
-0.672864
-0.657232
-0.639731
-0.620412
-0.599329
-0.576542
-0.552118
-0.526124
-0.498636
-0.46973
-0.43949
-0.408
-0.37535
-0.341633
-0.306944
-0.271381
-0.235045
-0.198039
-0.160469
-0.122442
-0.0840643
-0.045447
-0.00669981
0.0320665
0.0707411
0.109213
0.147371
0.185107
0.22231
0.258874
0.294693
0.329662
0.36368
0.396648
0.428469
0.459049
0.488299
0.516133
0.542468
0.567225
0.590332
0.611719
0.631321
0.649081
0.664943
0.67886
0.690789
0.700693
0.708541
0.714308
0.717977
0.719533
0.718971
0.716292
0.711501
0.704611
0.695642
0.684619
0.671573
0.656543
0.639571
0.620708
0.600009
0.577534
0.553351
0.52753
0.500148
0.471286
0.44103
0.409468
0.376696
0.34281
0.307911
0.272102
0.235489
0.198182
0.160289
0.121924
0.0832003
0.0442312
0.00513196
-0.0339824
-0.0729969
-0.111797
-0.15027
-0.188302
-0.225784
-0.262605
-0.29866
-0.333843
-0.368053
-0.401192
-0.433164
-0.463878
-0.493246
-0.521184
-0.547614
-0.572459
-0.595651
-0.617123
-0.636817
-0.654676
-0.670652
-0.6847
-0.696782
-0.706865
-0.714923
-0.720933
-0.72488
-0.726755
-0.726553
-0.724278
-0.719936
-0.713541
-0.705114
-0.694678
-0.682265
-0.66791
-0.651656
-0.633548
-0.61364
-0.591987
-0.568653
-0.543702
-0.517206
-0.489241
-0.459885
-0.429223
-0.39734
-0.364327
-0.330278
-0.295289
-0.259459
-0.22289
-0.185687
-0.147954
-0.109798
-0.0713298
-0.0326574
0.00610839
0.0448567
0.0834765
0.121857
0.159888
0.19746
0.234464
0.270793
0.306343
0.341009
0.374691
0.40729
0.438711
0.468862
0.497654
0.525001
0.550824
0.575044
0.59759
0.618394
0.637394
0.654532
0.669757
0.683022
0.694286
0.703514
0.710677
0.715753
0.718725
0.719582
0.71832
0.714942
0.709456
0.701878
0.692227
0.680532
0.666826
0.651149
0.633547
0.614071
0.592779
0.569732
0.545
0.518654
0.490774
0.461442
0.430744
0.398773
0.365622
0.33139
0.296178
0.260092
0.223238
0.185725
0.147664
0.109168
0.0703499
0.0313251
-0.00779184
-0.0468859
-0.0858423
-0.124547
-0.162886
-0.200749
-0.238025
-0.274604
-0.310382
-0.345255
-0.379123
-0.411886
-0.443453
-0.473732
-0.502637
-0.530085
-0.555999
-0.580306
-0.602936
-0.623828
-0.642921
-0.660164
-0.675507
-0.68891
-0.700335
-0.709752
-0.717135
-0.722465
-0.725729
-0.726918
-0.726031
-0.723072
-0.71805
-0.710981
-0.701888
-0.690795
-0.677736
-0.662749
-0.645877
-0.627169
-0.606678
-0.584463
-0.560587
-0.535117
-0.508128
-0.479694
-0.449897
-0.418822
-0.386556
-0.35319
-0.318819
-0.283542
-0.247457
-0.210667
-0.173277
-0.135392
-0.0971213
-0.0585731
-0.0198576
0.0189147
0.0576328
0.0961858
0.134463
0.172354
0.209751
0.246544
0.282627
0.317896
0.352248
0.385583
0.417804
0.448815
0.478527
0.506851
0.533703
0.559005
0.58268
0.604657
0.624872
0.643264
0.659775
0.674358
0.686965
0.69756
0.706109
0.712586
0.716968
0.719242
0.7194
0.717438
0.713363
0.707184
0.698918
0.688589
0.676225
0.661864
0.645546
0.627319
0.607236
0.585357
0.561746
0.536472
0.509611
0.481242
0.451449
0.42032
0.387948
0.354429
0.319862
0.28435
0.247998
0.210914
0.173208
0.134991
0.0963758
0.0574769
0.018409
-0.0207131
-0.0597744
-0.0986602
-0.137257
-0.175451
-0.213132
-0.250189
-0.286516
-0.322006
-0.356558
-0.390072
-0.42245
-0.453601
-0.483435
-0.511868
-0.538818
-0.564209
-0.587969
-0.610032
-0.630336
-0.648824
-0.665444
-0.680151
-0.692904
-0.703669
-0.712417
-0.719124
-0.723772
-0.726351
-0.726854
-0.725282
-0.72164
-0.715941
-0.7082
-0.698443
-0.686697
-0.672997
-0.657382
-0.639898
-0.620595
-0.599528
-0.576757
-0.552347
-0.526367
-0.498892
-0.469999
-0.43977
-0.408291
-0.375652
-0.341943
-0.307262
-0.271707
-0.235378
-0.198378
-0.160812
-0.122788
-0.0844137
-0.0457981
-0.00705161
0.0317151
0.0703909
0.108865
0.147027
0.184767
0.221976
0.258546
0.294372
0.329349
0.363376
0.396354
0.428185
0.458778
0.48804
0.515887
0.542236
0.567008
0.59013
0.611533
0.631152
0.648928
0.664808
0.678742
0.690689
0.700612
0.708479
0.714265
0.717953
0.719528
0.718986
0.716326
0.711554
0.704683
0.695733
0.684728
0.671701
0.656688
0.639734
0.620888
0.600205
0.577746
0.553578
0.527772
0.500403
0.471554
0.44131
0.40976
0.376999
0.343122
0.308232
0.272431
0.235825
0.198523
0.160635
0.122274
0.0835529
0.0445855
0.00548694
-0.0336278
-0.0726438
-0.111447
-0.149923
-0.18796
-0.225447
-0.262274
-0.298336
-0.333528
-0.367748
-0.400897
-0.43288
-0.463606
-0.492986
-0.520938
-0.547381
-0.572241
-0.595448
-0.616936
-0.636646
-0.654522
-0.670515
-0.684581
-0.696681
-0.706783
-0.714859
-0.720887
-0.724853
-0.726747
-0.726564
-0.724308
-0.719985
-0.713609
-0.705199
-0.694782
-0.682386
-0.668049
-0.651812
-0.633721
-0.613829
-0.592192
-0.568872
-0.543935
-0.517453
-0.489501
-0.460158
-0.429506
-0.397634
-0.364631
-0.330591
-0.29561
-0.259788
-0.223225
-0.186027
-0.148298
-0.110146
-0.0716799
-0.0330089
0.00575659
0.0445055
0.083127
0.12151
0.159545
0.197121
0.234131
0.270467
0.306024
0.340699
0.37439
0.407
0.438432
0.468595
0.497399
0.52476
0.550596
0.574831
0.597393
0.618213
0.63723
0.654385
0.669628
0.68291
0.694193
0.703439
0.710621
0.715716
0.718707
0.719584
0.718341
0.714983
0.709516
0.701956
0.692324
0.680647
0.666959
0.6513
0.633715
0.614256
0.59298
0.569949
0.545231
0.5189
0.491034
0.461714
0.431029
0.399068
0.365927
0.331705
0.296502
0.260423
0.223575
0.186068
0.148011
0.109519
0.0707032
0.0316798
-0.00743686
-0.0465317
-0.0854898
-0.124197
-0.162541
-0.200408
-0.237689
-0.274276
-0.310062
-0.344943
-0.37882
-0.411594
-0.443172
-0.473463
-0.502381
-0.529843
-0.555771
-0.580093
-0.602739
-0.623646
-0.642756
-0.660016
-0.675377
-0.688797
-0.700241
-0.709676
-0.717077
-0.722426
-0.725708
-0.726916
-0.726048
-0.723108
-0.718105
-0.711055
-0.701979
-0.690904
-0.677863
-0.662894
-0.646039
-0.627347
-0.606872
-0.584672
-0.56081
-0.535355
-0.508379
-0.479959
-0.450174
-0.419109
-0.386853
-0.353497
-0.319136
-0.283866
-0.247787
-0.211003
-0.173618
-0.135738
-0.0974699
-0.0589238
-0.0202093
0.018563
0.0572821
0.0958371
0.134117
0.172013
0.209414
0.246213
0.282303
0.31758
0.351941
0.385286
0.417517
0.44854
0.478263
0.5066
0.533466
0.558782
0.582472
0.604466
0.624697
0.643105
0.659634
0.674234
0.68686
0.697473
0.706041
0.712536
0.716938
0.719231
0.719408
0.717466
0.713409
0.707249
0.699002
0.688691
0.676346
0.662003
0.645702
0.627492
0.607426
0.585563
0.561968
0.536709
0.509862
0.481506
0.451725
0.420608
0.388247
0.354738
0.32018
0.284676
0.248332
0.211254
0.173552
0.135339
0.0967276
0.0578308
0.0187639
-0.0203583
-0.0594206
-0.0983086
-0.136908
-0.175107
-0.212793
-0.249856
-0.28619
-0.321688
-0.356249
-0.389772
-0.422162
-0.453324
-0.483171
-0.511617
-0.53858
-0.563986
-0.587761
-0.60984
-0.63016
-0.648664
-0.665302
-0.680026
-0.692797
-0.703581
-0.712346
-0.719072
-0.723739
-0.726337
-0.726859
-0.725306
-0.721683
-0.716002
-0.70828
-0.698541
-0.686813
-0.67313
-0.657533
-0.640065
-0.620778
-0.599727
-0.576971
-0.552575
-0.52661
-0.499148
-0.470267
-0.44005
-0.408582
-0.375953
-0.342254
-0.307581
-0.272033
-0.23571
-0.198716
-0.161155
-0.123135
-0.0847632
-0.0461492
-0.0074034
0.0313636
0.0700408
0.108517
0.146682
0.184427
0.221641
0.258217
0.29405
0.329036
0.363072
0.39606
0.427902
0.458506
0.487781
0.515641
0.542004
0.566791
0.589928
0.611346
0.630982
0.648775
0.664672
0.678625
0.69059
0.700531
0.708417
0.714222
0.717929
0.719524
0.719
0.716359
0.711607
0.704755
0.695823
0.684837
0.671828
0.656833
0.639896
0.621067
0.600401
0.577958
0.553805
0.528013
0.500658
0.471823
0.441591
0.410052
0.377301
0.343434
0.308553
0.272759
0.23616
0.198864
0.160981
0.122624
0.0839055
0.0449398
0.00584192
-0.0332732
-0.0722906
-0.111096
-0.149575
-0.187617
-0.225109
-0.261944
-0.298013
-0.333213
-0.367442
-0.400601
-0.432595
-0.463333
-0.492726
-0.520691
-0.547148
-0.572023
-0.595245
-0.616749
-0.636475
-0.654369
-0.670379
-0.684462
-0.696581
-0.7067
-0.714795
-0.720842
-0.724827
-0.726739
-0.726575
-0.724337
-0.720033
-0.713676
-0.705285
-0.694885
-0.682507
-0.668188
-0.651967
-0.633893
-0.614017
-0.592396
-0.569091
-0.544169
-0.5177
-0.489761
-0.46043
-0.42979
-0.397928
-0.364935
-0.330904
-0.295931
-0.260116
-0.22356
-0.186367
-0.148642
-0.110494
-0.07203
-0.0333603
0.00540478
0.0441544
0.0827775
0.121163
0.159202
0.196783
0.233798
0.270141
0.305705
0.340388
0.374089
0.406709
0.438152
0.468327
0.497144
0.524518
0.550369
0.574619
0.597196
0.618032
0.637066
0.654238
0.669498
0.682799
0.694099
0.703365
0.710566
0.71568
0.71869
0.719585
0.718362
0.715022
0.709575
0.702034
0.69242
0.680762
0.667092
0.651451
0.633883
0.614441
0.593181
0.570166
0.545463
0.519146
0.491293
0.461987
0.431313
0.399364
0.366233
0.33202
0.296825
0.260754
0.223913
0.186411
0.148359
0.109869
0.0710565
0.0320344
-0.00708189
-0.0461774
-0.0851373
-0.123848
-0.162195
-0.200067
-0.237354
-0.273947
-0.309741
-0.344631
-0.378518
-0.411302
-0.442891
-0.473194
-0.502125
-0.5296
-0.555543
-0.579879
-0.602541
-0.623464
-0.642591
-0.659867
-0.675246
-0.688684
-0.700146
-0.709599
-0.717019
-0.722387
-0.725688
-0.726915
-0.726065
-0.723144
-0.718159
-0.711128
-0.70207
-0.691014
-0.67799
-0.663038
-0.6462
-0.627525
-0.607065
-0.584881
-0.561034
-0.535593
-0.508631
-0.480223
-0.45045
-0.419397
-0.387151
-0.353805
-0.319452
-0.284189
-0.248118
-0.21134
-0.17396
-0.136083
-0.0978185
-0.0592744
-0.020561
0.0182113
0.0569314
0.0954884
0.133772
0.171671
0.209077
0.245882
0.281979
0.317264
0.351634
0.384988
0.41723
0.448264
0.478
0.50635
0.53323
0.55856
0.582265
0.604274
0.624522
0.642946
0.659493
0.67411
0.686755
0.697386
0.705973
0.712487
0.716907
0.71922
0.719416
0.717493
0.713456
0.707314
0.699086
0.688794
0.676468
0.662142
0.645859
0.627666
0.607617
0.58577
0.562189
0.536945
0.510112
0.48177
0.452002
0.420896
0.388546
0.355047
0.320498
0.285003
0.248665
0.211593
0.173897
0.135688
0.0970793
0.0581846
0.0191187
-0.0200034
-0.0590668
-0.0979569
-0.13656
-0.174762
-0.212453
-0.249523
-0.285864
-0.32137
-0.35594
-0.389473
-0.421873
-0.453047
-0.482906
-0.511365
-0.538343
-0.563763
-0.587553
-0.609648
-0.629984
-0.648505
-0.665159
-0.679901
-0.69269
-0.703492
-0.712276
-0.71902
-0.723706
-0.726323
-0.726864
-0.725329
-0.721725
-0.716062
-0.708359
-0.698638
-0.686928
-0.673263
-0.657683
-0.640232
-0.620961
-0.599925
-0.577185
-0.552804
-0.526852
-0.499403
-0.470535
-0.44033
-0.408873
-0.376254
-0.342564
-0.3079
-0.272359
-0.236043
-0.199054
-0.161498
-0.123482
-0.0851126
-0.0465003
-0.0077552
0.0310121
0.0696906
0.108169
0.146338
0.184086
0.221306
0.257889
0.293729
0.328723
0.362768
0.395765
0.427619
0.458234
0.487522
0.515395
0.541771
0.566573
0.589726
0.61116
0.630812
0.648622
0.664537
0.678507
0.690491
0.70045
0.708355
0.714179
0.717905
0.719519
0.719015
0.716393
0.711659
0.704826
0.695914
0.684946
0.671955
0.656978
0.640058
0.621246
0.600596
0.578169
0.554031
0.528254
0.500913
0.472091
0.441871
0.410344
0.377603
0.343746
0.308873
0.273088
0.236496
0.199205
0.161327
0.122974
0.0842581
0.0452941
0.0061969
-0.0329186
-0.0719373
-0.110745
-0.149228
-0.187274
-0.224772
-0.261613
-0.297689
-0.332898
-0.367136
-0.400305
-0.43231
-0.46306
-0.492465
-0.520444
-0.546915
-0.571805
-0.595042
-0.616562
-0.636305
-0.654215
-0.670242
-0.684343
-0.69648
-0.706618
-0.71473
-0.720796
-0.7248
-0.726731
-0.726586
-0.724367
-0.720081
-0.713743
-0.70537
-0.694988
-0.682629
-0.668326
-0.652123
-0.634065
-0.614205
-0.592599
-0.569309
-0.544402
-0.517947
-0.490021
-0.460702
-0.430074
-0.398223
-0.365239
-0.331217
-0.296252
-0.260444
-0.223895
-0.186707
-0.148987
-0.110842
-0.0723801
-0.0337117
0.00505298
0.0438032
0.082428
0.120817
0.158858
0.196444
0.233465
0.269814
0.305386
0.340078
0.373788
0.406418
0.437873
0.468059
0.496889
0.524277
0.550142
0.574406
0.596999
0.617851
0.636901
0.654091
0.669369
0.682687
0.694006
0.70329
0.71051
0.715643
0.718672
0.719587
0.718383
0.715062
0.709634
0.702111
0.692517
0.680877
0.667225
0.651602
0.634051
0.614626
0.593382
0.570382
0.545695
0.519392
0.491553
0.462259
0.431597
0.399659
0.366539
0.332335
0.297149
0.261085
0.22425
0.186753
0.148706
0.11022
0.0714097
0.032389
-0.00672692
-0.0458231
-0.0847848
-0.123498
-0.161849
-0.199726
-0.237019
-0.273619
-0.30942
-0.344319
-0.378215
-0.41101
-0.44261
-0.472926
-0.501869
-0.529358
-0.555315
-0.579666
-0.602343
-0.623283
-0.642426
-0.659719
-0.675115
-0.688571
-0.700051
-0.709523
-0.716961
-0.722347
-0.725667
-0.726913
-0.726082
-0.723179
-0.718214
-0.711201
-0.702162
-0.691123
-0.678117
-0.663182
-0.646361
-0.627702
-0.607259
-0.58509
-0.561258
-0.535831
-0.508882
-0.480487
-0.450726
-0.419684
-0.387449
-0.354112
-0.319767
-0.284513
-0.248449
-0.211677
-0.174301
-0.136429
-0.0981671
-0.059625
-0.0209126
0.0178596
0.0565807
0.0951396
0.133426
0.171329
0.20874
0.245551
0.281655
0.316948
0.351326
0.38469
0.416942
0.447988
0.477736
0.506099
0.532992
0.558337
0.582057
0.604082
0.624346
0.642788
0.659351
0.673987
0.686649
0.697299
0.705904
0.712437
0.716877
0.719208
0.719423
0.71752
0.713502
0.70738
0.69917
0.688897
0.676588
0.662281
0.646015
0.62784
0.607807
0.585976
0.562411
0.537182
0.510363
0.482033
0.452278
0.421184
0.388845
0.355356
0.320816
0.285328
0.248998
0.211932
0.174241
0.136037
0.0974311
0.0585385
0.0194736
-0.0196486
-0.058713
-0.0976051
-0.136211
-0.174418
-0.212114
-0.24919
-0.285538
-0.321052
-0.355631
-0.389174
-0.421585
-0.45277
-0.482642
-0.511113
-0.538105
-0.563539
-0.587345
-0.609455
-0.629807
-0.648345
-0.665017
-0.679776
-0.692583
-0.703403
-0.712206
-0.718968
-0.723673
-0.726308
-0.726868
-0.725352
-0.721767
-0.716123
-0.708438
-0.698735
-0.687043
-0.673395
-0.657832
-0.640399
-0.621144
-0.600124
-0.577398
-0.553032
-0.527094
-0.499659
-0.470803
-0.44061
-0.409164
-0.376555
-0.342874
-0.308218
-0.272685
-0.236376
-0.199393
-0.161841
-0.123828
-0.0854619
-0.0468514
-0.00810699
0.0306606
0.0693404
0.107821
0.145993
0.183746
0.220971
0.25756
0.293407
0.328409
0.362464
0.395471
0.427335
0.457962
0.487262
0.515149
0.541539
0.566355
0.589523
0.610973
0.630642
0.648469
0.664401
0.678389
0.690391
0.700369
0.708292
0.714136
0.71788
0.719514
0.719029
0.716426
0.711712
0.704898
0.696004
0.685055
0.672082
0.657122
0.640221
0.621425
0.600792
0.57838
0.554258
0.528495
0.501168
0.472358
0.442151
0.410636
0.377906
0.344058
0.309194
0.273416
0.236831
0.199546
0.161673
0.123324
0.0846106
0.0456484
0.00655187
-0.0325639
-0.0715841
-0.110394
-0.148881
-0.186931
-0.224434
-0.261282
-0.297366
-0.332582
-0.36683
-0.400009
-0.432026
-0.462787
-0.492205
-0.520196
-0.546682
-0.571586
-0.594839
-0.616375
-0.636134
-0.65406
-0.670105
-0.684224
-0.696378
-0.706535
-0.714666
-0.720751
-0.724773
-0.726723
-0.726597
-0.724396
-0.720129
-0.713809
-0.705455
-0.695092
-0.682749
-0.668465
-0.652278
-0.634237
-0.614393
-0.592803
-0.569528
-0.544635
-0.518194
-0.490281
-0.460974
-0.430357
-0.398517
-0.365543
-0.33153
-0.296574
-0.260773
-0.224229
-0.187047
-0.149331
-0.111189
-0.0727301
-0.0340632
0.00470117
0.043452
0.0820785
0.12047
0.158515
0.196105
0.233132
0.269488
0.305067
0.339768
0.373487
0.406127
0.437593
0.467791
0.496634
0.524035
0.549914
0.574194
0.596802
0.61767
0.636737
0.653944
0.669239
0.682575
0.693912
0.703215
0.710454
0.715605
0.718654
0.719588
0.718403
0.715102
0.709692
0.702189
0.692613
0.680992
0.667358
0.651752
0.634219
0.61481
0.593582
0.570598
0.545926
0.519638
0.491812
0.462531
0.431881
0.399954
0.366844
0.33265
0.297472
0.261416
0.224587
0.187096
0.149053
0.110571
0.071763
0.0327437
-0.00637194
-0.0454689
-0.0844323
-0.123148
-0.161503
-0.199385
-0.236683
-0.27329
-0.309099
-0.344007
-0.377912
-0.410718
-0.442329
-0.472657
-0.501613
-0.529115
-0.555086
-0.579453
-0.602145
-0.623101
-0.64226
-0.659571
-0.674984
-0.688458
-0.699956
-0.709446
-0.716903
-0.722308
-0.725646
-0.726911
-0.726099
-0.723215
-0.718268
-0.711274
-0.702253
-0.691232
-0.678244
-0.663326
-0.646522
-0.627879
-0.607452
-0.585298
-0.561481
-0.536069
-0.509133
-0.480751
-0.451002
-0.419971
-0.387746
-0.354419
-0.320083
-0.284837
-0.248779
-0.212013
-0.174643
-0.136774
-0.0985157
-0.0599757
-0.0212643
0.0175079
0.0562299
0.0947909
0.13308
0.170987
0.208403
0.24522
0.281331
0.316631
0.351019
0.384392
0.416655
0.447712
0.477472
0.505848
0.532755
0.558114
0.58185
0.60389
0.62417
0.642629
0.65921
0.673863
0.686543
0.697212
0.705835
0.712387
0.716846
0.719197
0.719431
0.717547
0.713548
0.707445
0.699254
0.688999
0.676709
0.662419
0.646172
0.628013
0.607997
0.586182
0.562632
0.537418
0.510613
0.482297
0.452554
0.421472
0.389144
0.355665
0.321134
0.285654
0.249331
0.212272
0.174586
0.136385
0.0977828
0.0588923
0.0198284
-0.0192937
-0.0583592
-0.0972534
-0.135862
-0.174073
-0.211775
-0.248857
-0.285212
-0.320734
-0.355322
-0.388875
-0.421296
-0.452493
-0.482377
-0.510862
-0.537867
-0.563316
-0.587136
-0.609262
-0.629631
-0.648185
-0.664874
-0.679651
-0.692476
-0.703314
-0.712135
-0.718916
-0.72364
-0.726294
-0.726872
-0.725375
-0.721809
-0.716183
-0.708517
-0.698832
-0.687158
-0.673528
-0.657982
-0.640565
-0.621327
-0.600322
-0.577612
-0.55326
-0.527336
-0.499914
-0.471071
-0.44089
-0.409455
-0.376855
-0.343184
-0.308537
-0.273011
-0.236708
-0.199731
-0.162184
-0.124175
-0.0858113
-0.0472025
-0.00845879
0.0303091
0.0689902
0.107474
0.145649
0.183406
0.220636
0.257231
0.293086
0.328096
0.362159
0.395177
0.427051
0.45769
0.487003
0.514902
0.541307
0.566137
0.589321
0.610787
0.630472
0.648316
0.664265
0.678271
0.690291
0.700288
0.70823
0.714092
0.717856
0.719508
0.719043
0.716459
0.711764
0.704969
0.696094
0.685163
0.672208
0.657267
0.640382
0.621604
0.600987
0.578592
0.554484
0.528736
0.501423
0.472626
0.442431
0.410927
0.378208
0.34437
0.309515
0.273745
0.237166
0.199888
0.162019
0.123673
0.0849631
0.0460027
0.00690685
-0.0322093
-0.0712309
-0.110043
-0.148533
-0.186588
-0.224097
-0.260951
-0.297042
-0.332267
-0.366524
-0.399713
-0.431741
-0.462514
-0.491944
-0.519949
-0.546449
-0.571367
-0.594635
-0.616187
-0.635963
-0.653906
-0.669968
-0.684105
-0.696277
-0.706452
-0.714601
-0.720705
-0.724746
-0.726715
-0.726607
-0.724426
-0.720177
-0.713876
-0.70554
-0.695195
-0.68287
-0.668603
-0.652434
-0.634409
-0.614581
-0.593007
-0.569747
-0.544868
-0.518441
-0.49054
-0.461246
-0.430641
-0.398811
-0.365847
-0.331843
-0.296895
-0.261101
-0.224564
-0.187387
-0.149675
-0.111537
-0.0730802
-0.0344146
0.00434936
0.0431009
0.0817289
0.120123
0.158172
0.195767
0.232799
0.269161
0.304748
0.339457
0.373186
0.405836
0.437313
0.467523
0.496378
0.523793
0.549686
0.573981
0.596604
0.617489
0.636572
0.653796
0.669109
0.682463
0.693818
0.70314
0.710397
0.715568
0.718636
0.719589
0.718423
0.715141
0.709751
0.702266
0.692709
0.681106
0.667491
0.651902
0.634387
0.614994
0.593783
0.570815
0.546157
0.519883
0.492071
0.462803
0.432165
0.400249
0.36715
0.332965
0.297795
0.261747
0.224925
0.187439
0.149401
0.110922
0.0721162
0.0330983
-0.00601697
-0.0451146
-0.0840797
-0.122798
-0.161157
-0.199043
-0.236348
-0.272961
-0.308778
-0.343694
-0.377609
-0.410425
-0.442048
-0.472387
-0.501356
-0.528872
-0.554858
-0.579239
-0.601947
-0.622919
-0.642095
-0.659422
-0.674853
-0.688345
-0.69986
-0.709369
-0.716845
-0.722268
-0.725625
-0.726909
-0.726116
-0.723251
-0.718322
-0.711346
-0.702344
-0.691341
-0.678371
-0.66347
-0.646683
-0.628057
-0.607645
-0.585507
-0.561705
-0.536306
-0.509384
-0.481014
-0.451278
-0.420258
-0.388044
-0.354726
-0.320399
-0.28516
-0.24911
-0.21235
-0.174984
-0.13712
-0.0988642
-0.0603263
-0.021616
0.0171562
0.0558791
0.0944421
0.132734
0.170645
0.208066
0.244889
0.281007
0.316315
0.350711
0.384094
0.416368
0.447436
0.477209
0.505597
0.532518
0.557891
0.581642
0.603698
0.623994
0.64247
0.659068
0.673738
0.686437
0.697124
0.705766
0.712337
0.716815
0.719185
0.719438
0.717573
0.713593
0.707509
0.699338
0.689101
0.67683
0.662558
0.646328
0.628186
0.608186
0.586387
0.562853
0.537654
0.510863
0.48256
0.45283
0.42176
0.389442
0.355973
0.321452
0.28598
0.249664
0.212611
0.17493
0.136734
0.0981345
0.0592461
0.0201833
-0.0189388
-0.0580054
-0.0969016
-0.135514
-0.173729
-0.211435
-0.248523
-0.284885
-0.320416
-0.355012
-0.388575
-0.421007
-0.452216
-0.482112
-0.51061
-0.537629
-0.563092
-0.586928
-0.609069
-0.629454
-0.648025
-0.664731
-0.679526
-0.692368
-0.703224
-0.712064
-0.718864
-0.723606
-0.726279
-0.726876
-0.725398
-0.72185
-0.716244
-0.708595
-0.698929
-0.687273
-0.67366
-0.658132
-0.640731
-0.621509
-0.600521
-0.577826
-0.553488
-0.527579
-0.50017
-0.471339
-0.441169
-0.409745
-0.377156
-0.343494
-0.308855
-0.273337
-0.237041
-0.200069
-0.162527
-0.124522
-0.0861606
-0.0475535
-0.00881057
0.0299576
0.06864
0.107126
0.145304
0.183065
0.220301
0.256902
0.292764
0.327782
0.361855
0.394882
0.426768
0.457418
0.486743
0.514656
0.541074
0.565919
0.589118
0.6106
0.630301
0.648162
0.664129
0.678153
0.690191
0.700206
0.708167
0.714048
0.717831
0.719503
0.719056
0.716492
0.711816
0.70504
0.696184
0.685271
0.672335
0.657411
0.640544
0.621783
0.601182
0.578803
0.55471
0.528977
0.501678
0.472894
0.442711
0.411219
0.37851
0.344682
0.309835
0.274073
0.237501
0.200229
0.162365
0.124023
0.0853157
0.0463569
0.00726182
-0.0318547
-0.0708776
-0.109693
-0.148186
-0.186245
-0.223759
-0.26062
-0.296719
-0.331952
-0.366218
-0.399417
-0.431455
-0.46224
-0.491684
-0.519702
-0.546215
-0.571149
-0.594432
-0.616
-0.635791
-0.653752
-0.669831
-0.683986
-0.696176
-0.706368
-0.714537
-0.720658
-0.724718
-0.726706
-0.726618
-0.724455
-0.720225
-0.713942
-0.705625
-0.695297
-0.682991
-0.668741
-0.652589
-0.634581
-0.614769
-0.59321
-0.569965
-0.545101
-0.518687
-0.4908
-0.461518
-0.430924
-0.399105
-0.366151
-0.332156
-0.297216
-0.261429
-0.224898
-0.187727
-0.15002
-0.111885
-0.0734302
-0.034766
0.00399756
0.0427497
0.0813793
0.119776
0.157828
0.195428
0.232466
0.268835
0.304429
0.339146
0.372884
0.405545
0.437033
0.467255
0.496123
0.523551
0.549458
0.573768
0.596407
0.617307
0.636407
0.653648
0.668978
0.682351
0.693725
0.703064
0.710341
0.715531
0.718617
0.71959
0.718444
0.715181
0.709809
0.702344
0.692805
0.681221
0.667623
0.652053
0.634554
0.615179
0.593983
0.571031
0.546388
0.520129
0.49233
0.463075
0.432449
0.400544
0.367455
0.333279
0.298119
0.262077
0.225262
0.187782
0.149748
0.111273
0.0724694
0.0334529
-0.00566199
-0.0447603
-0.0837271
-0.122448
-0.160811
-0.198702
-0.236012
-0.272633
-0.308457
-0.343382
-0.377306
-0.410133
-0.441767
-0.472118
-0.5011
-0.52863
-0.554629
-0.579025
-0.601749
-0.622736
-0.641929
-0.659273
-0.674722
-0.688231
-0.699765
-0.709292
-0.716786
-0.722228
-0.725604
-0.726906
-0.726132
-0.723286
-0.718376
-0.711419
-0.702434
-0.69145
-0.678497
-0.663614
-0.646843
-0.628234
-0.607838
-0.585715
-0.561928
-0.536544
-0.509635
-0.481278
-0.451553
-0.420545
-0.388341
-0.355033
-0.320715
-0.285484
-0.24944
-0.212686
-0.175326
-0.137465
-0.0992127
-0.0606769
-0.0219676
0.0168044
0.0555284
0.0940932
0.132388
0.170303
0.207729
0.244558
0.280683
0.315999
0.350403
0.383796
0.41608
0.44716
0.476944
0.505346
0.532281
0.557668
0.581434
0.603506
0.623818
0.64231
0.658926
0.673614
0.686331
0.697036
0.705697
0.712287
0.716784
0.719173
0.719446
0.7176
0.713639
0.707574
0.699421
0.689203
0.67695
0.662696
0.646484
0.628359
0.608376
0.586593
0.563074
0.53789
0.511113
0.482824
0.453106
0.422048
0.389741
0.356282
0.321769
0.286306
0.249997
0.21295
0.175275
0.137082
0.0984862
0.0595999
0.0205381
-0.018584
-0.0576515
-0.0965498
-0.135165
-0.173384
-0.211096
-0.24819
-0.284559
-0.320098
-0.354703
-0.388275
-0.420718
-0.451938
-0.481847
-0.510358
-0.53739
-0.562868
-0.586719
-0.608876
-0.629277
-0.647865
-0.664588
-0.6794
-0.692261
-0.703135
-0.711993
-0.718811
-0.723572
-0.726264
-0.72688
-0.725421
-0.721892
-0.716304
-0.708674
-0.699026
-0.687387
-0.673792
-0.658281
-0.640897
-0.621692
-0.600719
-0.578039
-0.553716
-0.52782
-0.500425
-0.471607
-0.441449
-0.410036
-0.377457
-0.343804
-0.309174
-0.273663
-0.237373
-0.200407
-0.16287
-0.124868
-0.0865099
-0.0479046
-0.00916236
0.0296061
0.0682897
0.106778
0.144959
0.182725
0.219966
0.256573
0.292442
0.327469
0.36155
0.394587
0.426484
0.457146
0.486483
0.514409
0.540841
0.565701
0.588915
0.610413
0.630131
0.648009
0.663993
0.678035
0.690091
0.700124
0.708104
0.714004
0.717806
0.719497
0.71907
0.716525
0.711868
0.705111
0.696273
0.68538
0.672461
0.657556
0.640706
0.621961
0.601377
0.579013
0.554936
0.529217
0.501932
0.473162
0.442991
0.41151
0.378812
0.344994
0.310156
0.274401
0.237836
0.20057
0.162711
0.124373
0.0856681
0.0467112
0.00761679
-0.0315
-0.0705243
-0.109342
-0.147838
-0.185902
-0.223422
-0.260288
-0.296395
-0.331636
-0.365911
-0.399121
-0.43117
-0.461967
-0.491423
-0.519454
-0.545982
-0.57093
-0.594228
-0.615812
-0.63562
-0.653597
-0.669694
-0.683866
-0.696074
-0.706285
-0.714472
-0.720612
-0.724691
-0.726697
-0.726628
-0.724484
-0.720273
-0.714008
-0.705709
-0.6954
-0.683111
-0.668879
-0.652744
-0.634753
-0.614957
-0.593413
-0.570183
-0.545333
-0.518934
-0.491059
-0.461789
-0.431207
-0.399399
-0.366455
-0.332469
-0.297537
-0.261758
-0.225233
-0.188066
-0.150364
-0.112232
-0.0737802
-0.0351174
0.00364575
0.0423985
0.0810297
0.119429
0.157485
0.195089
0.232133
0.268508
0.30411
0.338836
0.372583
0.405254
0.436753
0.466987
0.495867
0.523309
0.54923
0.573555
0.596209
0.617126
0.636242
0.6535
0.668848
0.682238
0.69363
0.702989
0.710284
0.715493
0.718599
0.71959
0.718463
0.71522
0.709867
0.702421
0.692901
0.681335
0.667756
0.652203
0.634721
0.615363
0.594184
0.571247
0.546619
0.520374
0.492589
0.463346
0.432733
0.400839
0.36776
0.333594
0.298442
0.262408
0.225599
0.188125
0.150095
0.111623
0.0728226
0.0338075
-0.00530701
-0.0444059
-0.0833745
-0.122098
-0.160465
-0.198361
-0.235677
-0.272304
-0.308136
-0.34307
-0.377003
-0.40984
-0.441486
-0.471849
-0.500843
-0.528387
-0.5544
-0.578811
-0.60155
-0.622554
-0.641763
-0.659124
-0.67459
-0.688117
-0.699669
-0.709214
-0.716727
-0.722188
-0.725583
-0.726904
-0.726149
-0.723321
-0.71843
-0.711491
-0.702525
-0.691558
-0.678623
-0.663758
-0.647004
-0.628411
-0.608031
-0.585924
-0.562151
-0.536781
-0.509886
-0.481542
-0.451829
-0.420832
-0.388638
-0.35534
-0.32103
-0.285807
-0.249771
-0.213022
-0.175667
-0.137811
-0.0995612
-0.0610274
-0.0223193
0.0164527
0.0551776
0.0937444
0.132042
0.169961
0.207392
0.244227
0.280358
0.315682
0.350096
0.383498
0.415792
0.446884
0.47668
0.505095
0.532043
0.557445
0.581226
0.603313
0.623642
0.642151
0.658784
0.67349
0.686224
0.696948
0.705628
0.712236
0.716752
0.719161
0.719453
0.717626
0.713684
0.707638
0.699504
0.689305
0.67707
0.662835
0.646639
0.628532
0.608566
0.586799
0.563295
0.538125
0.511363
0.483087
0.453382
0.422335
0.390039
0.35659
0.322087
0.286632
0.25033
0.213289
0.175619
0.137431
0.0988378
0.0599536
0.020893
-0.0182291
-0.0572977
-0.096198
-0.134816
-0.173039
-0.210756
-0.247856
-0.284233
-0.319779
-0.354394
-0.387976
-0.420429
-0.451661
-0.481582
-0.510106
-0.537152
-0.562644
-0.58651
-0.608683
-0.6291
-0.647704
-0.664445
-0.679275
-0.692153
-0.703045
-0.711922
-0.718759
-0.723538
-0.726249
-0.726884
-0.725444
-0.721933
-0.716363
-0.708752
-0.699122
-0.687502
-0.673925
-0.65843
-0.641063
-0.621874
-0.600917
-0.578252
-0.553944
-0.528062
-0.50068
-0.471874
-0.441728
-0.410326
-0.377757
-0.344114
-0.309492
-0.273989
-0.237706
-0.200745
-0.163213
-0.125215
-0.0868592
-0.0482556
-0.00951415
0.0292545
0.0679395
0.10643
0.144615
0.182385
0.21963
0.256244
0.292121
0.327155
0.361246
0.394293
0.4262
0.456873
0.486223
0.514162
0.540608
0.565483
0.588712
0.610226
0.62996
0.647855
0.663857
0.677916
0.689991
0.700043
0.708041
0.71396
0.717781
0.719491
0.719083
0.716558
0.711919
0.705182
0.696363
0.685488
0.672587
0.6577
0.640867
0.62214
0.601572
0.579224
0.555162
0.529458
0.502186
0.473429
0.443271
0.411801
0.379114
0.345305
0.310476
0.274729
0.238171
0.200911
0.163057
0.124723
0.0860206
0.0470654
0.00797176
-0.0311454
-0.070171
-0.108991
-0.147491
-0.185559
-0.223084
-0.259957
-0.296071
-0.331321
-0.365605
-0.398825
-0.430885
-0.461693
-0.491162
-0.519207
-0.545748
-0.570711
-0.594025
-0.615624
-0.635448
-0.653443
-0.669557
-0.683746
-0.695972
-0.706201
-0.714407
-0.720566
-0.724663
-0.726688
-0.726638
-0.724513
-0.72032
-0.714074
-0.705793
-0.695502
-0.683232
-0.669017
-0.652899
-0.634924
-0.615144
-0.593616
-0.570402
-0.545566
-0.51918
-0.491319
-0.462061
-0.43149
-0.399693
-0.366759
-0.332782
-0.297858
-0.262086
-0.225567
-0.188406
-0.150708
-0.11258
-0.0741302
-0.0354688
0.00329394
0.0420472
0.0806801
0.119082
0.157142
0.19475
0.231799
0.268181
0.303791
0.338525
0.372281
0.404963
0.436472
0.466719
0.495612
0.523067
0.549002
0.573341
0.596011
0.616944
0.636077
0.653352
0.668718
0.682126
0.693536
0.702913
0.710227
0.715455
0.71858
0.719591
0.718483
0.715259
0.709925
0.702498
0.692997
0.681449
0.667888
0.652353
0.634888
0.615547
0.594384
0.571462
0.54685
0.520619
0.492848
0.463618
0.433017
0.401134
0.368065
0.333909
0.298765
0.262738
0.225936
0.188467
0.150442
0.111974
0.0731757
0.0341621
-0.00495203
-0.0440516
-0.0830219
-0.121749
-0.160118
-0.198019
-0.235341
-0.271975
-0.307815
-0.342757
-0.3767
-0.409548
-0.441204
-0.471579
-0.500587
-0.528143
-0.554171
-0.578597
-0.601352
-0.622371
-0.641597
-0.658975
-0.674458
-0.688003
-0.699573
-0.709137
-0.716668
-0.722148
-0.725562
-0.726901
-0.726165
-0.723356
-0.718484
-0.711563
-0.702615
-0.691667
-0.678749
-0.663901
-0.647164
-0.628588
-0.608224
-0.586132
-0.562374
-0.537018
-0.510136
-0.481805
-0.452104
-0.421119
-0.388936
-0.355647
-0.321346
-0.286131
-0.250101
-0.213359
-0.176008
-0.138156
-0.0999097
-0.061378
-0.0226709
0.016101
0.0548268
0.0933955
0.131696
0.169619
0.207055
0.243896
0.280034
0.315366
0.349788
0.3832
0.415505
0.446607
0.476416
0.504844
0.531805
0.557222
0.581017
0.603121
0.623466
0.641991
0.658641
0.673365
0.686118
0.69686
0.705558
0.712186
0.716721
0.719148
0.719459
0.717652
0.71373
0.707703
0.699588
0.689407
0.67719
0.662973
0.646795
0.628705
0.608755
0.587004
0.563516
0.538361
0.511613
0.48335
0.453657
0.422623
0.390338
0.356899
0.322404
0.286957
0.250663
0.213628
0.175963
0.137779
0.0991895
0.0603074
0.0212478
-0.0178742
-0.0569438
-0.0958462
-0.134467
-0.172695
-0.210417
-0.247523
-0.283906
-0.319461
-0.354084
-0.387676
-0.42014
-0.451383
-0.481316
-0.509853
-0.536914
-0.56242
-0.586301
-0.60849
-0.628923
-0.647544
-0.664301
-0.679149
-0.692045
-0.702955
-0.71185
-0.718706
-0.723504
-0.726234
-0.726888
-0.725466
-0.721974
-0.716423
-0.70883
-0.699219
-0.687616
-0.674056
-0.658579
-0.641229
-0.622056
-0.601115
-0.578465
-0.554172
-0.528304
-0.500935
-0.472142
-0.442007
-0.410616
-0.378058
-0.344424
-0.30981
-0.274315
-0.238038
-0.201084
-0.163556
-0.125561
-0.0872085
-0.0486067
-0.00986593
0.028903
0.0675892
0.106082
0.14427
0.182044
0.219295
0.255915
0.291799
0.326841
0.360941
0.393998
0.425916
0.456601
0.485963
0.513915
0.540375
0.565265
0.588509
0.610039
0.629789
0.647701
0.66372
0.677797
0.68989
0.699961
0.707978
0.713916
0.717756
0.719485
0.719097
0.71659
0.711971
0.705252
0.696452
0.685595
0.672713
0.657843
0.641029
0.622318
0.601767
0.579435
0.555388
0.529698
0.502441
0.473696
0.44355
0.412092
0.379415
0.345617
0.310796
0.275058
0.238506
0.201251
0.163403
0.125072
0.0863731
0.0474197
0.00832673
-0.0307907
-0.0698177
-0.10864
-0.147143
-0.185216
-0.222747
-0.259626
-0.295747
-0.331005
-0.365299
-0.398529
-0.4306
-0.46142
-0.490901
-0.518959
-0.545514
-0.570492
-0.593821
-0.615436
-0.635277
-0.653288
-0.669419
-0.683626
-0.69587
-0.706118
-0.714341
-0.720519
-0.724635
-0.726679
-0.726648
-0.724541
-0.720368
-0.71414
-0.705878
-0.695605
-0.683352
-0.669154
-0.653053
-0.635095
-0.615332
-0.593819
-0.57062
-0.545798
-0.519426
-0.491578
-0.462333
-0.431773
-0.399987
-0.367062
-0.333094
-0.298178
-0.262414
-0.225902
-0.188746
-0.151052
-0.112927
-0.0744801
-0.0358202
0.00294212
0.041696
0.0803305
0.118735
0.156798
0.194412
0.231466
0.267855
0.303472
0.338214
0.37198
0.404671
0.436192
0.46645
0.495356
0.522824
0.548774
0.573128
0.595813
0.616762
0.635912
0.653204
0.668587
0.682013
0.693442
0.702837
0.71017
0.715417
0.718561
0.719591
0.718503
0.715297
0.709983
0.702574
0.693092
0.681563
0.66802
0.652502
0.635055
0.61573
0.594584
0.571678
0.547081
0.520864
0.493106
0.46389
0.4333
0.401429
0.368371
0.334223
0.299088
0.263069
0.226273
0.18881
0.15079
0.112325
0.0735289
0.0345167
-0.00459704
-0.0436973
-0.0826692
-0.121399
-0.159772
-0.197678
-0.235005
-0.271646
-0.307494
-0.342444
-0.376397
-0.409255
-0.440923
-0.47131
-0.50033
-0.5279
-0.553942
-0.578383
-0.601153
-0.622189
-0.641431
-0.658826
-0.674327
-0.687889
-0.699477
-0.709059
-0.716609
-0.722107
-0.72554
-0.726899
-0.726181
-0.723391
-0.718537
-0.711635
-0.702705
-0.691775
-0.678875
-0.664044
-0.647324
-0.628764
-0.608417
-0.58634
-0.562597
-0.537255
-0.510387
-0.482068
-0.45238
-0.421405
-0.389233
-0.355953
-0.321661
-0.286454
-0.250431
-0.213695
-0.17635
-